0 0
1 0.0184512
2 0.0145339
3 0.0128307
4 0.0127739
5 0.00976496
6 0.0139094
7 0.0102759
8 0.0149313
9 0.0115249
10 0.0102759
11 0.00806177
12 0.0150449
13 0.00721017
14 0.00953787
15 0.00709663
16 0.0120359
17 0.00454184
18 0.00908368
19 0.00454184
20 0.00732372
21 0.0171455
22 0.00709663
23 0.00698308
24 0.0321335
25 0.00675599
26 0.00794822
27 0.00681276
28 0.0121494
29 0.00601794
30 0.0109004
31 0.00635858
32 0.0157829
33 0.010503
34 0.0077779
35 0.00976496
36 0.0339503
37 0.0133984
38 0.0114114
39 0.0109004
40 0.0131713
41 0.00703985
42 0.0554672
43 0.00936755
44 0.00738049
45 0.00755081
46 0.00669922
47 0.00527989
48 0.0333258
49 0.0206086
50 0.00618826
51 0.00510957
52 0.00766436
53 0.00488248
54 0.0166345
55 0.0112411
56 0.01601
57 0.0056773
58 0.00476893
59 0.00431475
60 0.0166913
61 0.00493925
62 0.00556376
63 0.0071534
64 0.00425798
65 0.00499603
66 0.0140797
67 0.00431475
68 0.0050528
69 0.00340638
70 0.0071534
71 0.00334961
72 0.0101056
73 0.00414443
74 0.00647212
75 0.00539344
76 0.00686954
77 0.00562053
78 0.0109004
79 0.00448507
80 0.00493925
81 0.00579085
82 0.00386057
83 0.00380379
84 0.0113546
85 0.00482571
86 0.00306574
87 0.00408766
88 0.00312252
89 0.0035767
90 0.00635858
91 0.00454184
92 0.00283865
93 0.00238447
94 0.00232769
95 0.00340638
96 0.00323606
97 0.00437152
98 0.00482571
99 0.0029522
100 0.0035767
101 0.00187351
102 0.00369025
103 0.00204383
104 0.00454184
105 0.00193028
106 0.00198706
107 0.00244124
108 0.00976496
109 0.00261156
110 0.00266833
111 0.00238447
112 0.00380379
113 0.00153287
114 0.00579085
115 0.00346315
116 0.00187351
117 0.00221415
118 0.00141933
119 0.00187351
120 0.00709663
121 0.00187351
122 0.00136255
123 0.00153287
124 0.00141933
125 0.00124901
126 0.00454184
127 0.00164642
128 0.00124901
